name	broad_type	rah	ram	ras	decd	decm	lii	bii	core_radius	central_radius	cluster_radius	distance	distance_modulus	log_age	metallicity
1636-283	g	16	39	26	-28	23.9	351.911	12.096	0.015	0.040	0.075	8308	14.745	10.100	-1.145
2MS-GC02	g	18	09	31	-20	47.4	9.763	-0.603	0.018	0.055	0.105	7436	15.000	10.000	-1.080
Arp2	g	19	28	44	-30	21.4	8.545	-20.785	0.020	0.065	0.110	28596	17.315	10.100	-1.645
Djorg1	g	17	47	28	-33	04.0	356.675	-2.482	0.015	0.055	0.120	13682	16.190	10.050	-1.510
Djorg2	g	18	01	49	-27	49.0	2.771	-2.504	0.010	0.045	0.085	6305	14.300	9.950	-0.550
E3	g	09	20	57	-77	16.9	292.268	-19.017	0.010	0.060	0.100	8104	14.640	9.900	-0.745
ESO093-08	g	11	19	41	-65	13.0	293.506	-4.038	0.010	0.038	0.070	13797	15.900	9.800	-0.350
ESO393-12	g	17	38	40	-35	39.0	353.519	-2.290	0.018	0.055	0.105	8208	15.000	10.100	-1.045
ESO456-09	g	17	53	56	-32	27.9	357.887	-3.345	0.012	0.050	0.080	7475	14.750	10.050	-0.900
ESO-SC06	g	18	09	06	-46	25.0	346.904	-12.569	0.020	0.035	0.065	21395	16.675	10.100	-1.800
FSR0019	g	17	35	38	-21	04.2	5.499	6.071	0.015	0.055	0.090	5984	14.200	10.100	-1.045
FSR0025	g	17	41	43	-19	34.3	7.534	5.649	0.010	0.050	0.080	7074	14.600	10.100	-1.040
FSR1735	g	16	52	12	-47	03.3	339.193	-1.854	0.010	0.035	0.060	8831	15.400	9.900	-0.600
IC1257	g	17	27	09	-07	05.0	16.537	15.150	0.020	0.055	0.110	25002	17.225	10.050	-1.545
IC1276	g	18	10	44	-07	12.5	21.831	5.669	0.050	0.160	0.290	5399	14.010	10.100	-0.650
IC4499	g	15	00	18	-82	12.8	307.353	-20.473	0.030	0.085	0.140	18804	16.445	10.100	-1.445
Koposov2	g	07	58	17	+26	15.0	195.117	25.544	0.012	0.043	0.070	22063	16.725	10.100	-2.155
Lynga7	g	16	11	03	-55	18.8	328.771	-2.794	0.020	0.060	0.095	8785	15.000	10.050	-1.010
NGC104	g	00	24	01	-72	04.9	305.903	-44.889	0.200	0.530	0.950	4501	13.280	10.100	-0.645
NGC1261	g	03	12	16	-55	13.0	270.538	-52.124	0.030	0.085	0.145	16298	16.064	10.100	-1.250
NGC1851	g	05	14	08	-40	02.6	244.509	-35.032	0.050	0.150	0.225	12097	15.420	10.100	-1.045
NGC1904	g	05	24	11	-24	31.2	227.225	-29.348	0.030	0.120	0.205	12892	15.555	10.100	-1.445
NGC2298	g	06	48	59	-36	00.3	245.628	-16.006	0.030	0.080	0.115	10815	15.215	10.100	-1.545
NGC2419	g	07	38	09	+38	52.9	180.370	25.242	0.020	0.075	0.120	82535	19.610	10.100	-2.050
NGC2808	g	09	12	03	-64	51.8	282.193	-11.252	0.040	0.150	0.260	9612	14.985	10.100	-1.045
NGC288	g	00	52	46	-26	35.1	151.681	-89.381	0.050	0.160	0.310	8912	14.760	10.100	-1.150
NGC3201	g	10	17	37	-46	24.7	277.229	8.641	0.040	0.160	0.240	4904	13.530	10.100	-1.445
NGC362	g	01	03	18	-70	50.8	301.525	-46.249	0.055	0.145	0.235	8603	14.690	10.100	-1.250
NGC4147	g	12	10	06	+18	32.6	252.846	77.190	0.015	0.040	0.060	19305	16.435	10.100	-1.645
NGC4372	g	12	25	45	-72	39.5	300.993	-9.884	0.035	0.200	0.330	5807	13.945	10.100	-1.945
NGC4590	g	12	39	28	-26	44.6	299.626	36.051	0.035	0.110	0.195	10296	15.080	10.100	-1.745
NGC4833	g	12	59	34	-70	52.6	303.604	-8.016	0.040	0.140	0.205	6595	14.200	10.100	-1.750
NGC5024	g	13	12	55	+18	10.1	332.959	79.764	0.035	0.150	0.250	17892	16.270	10.100	-1.750
NGC5053	g	13	16	27	+17	42.0	335.699	78.946	0.025	0.080	0.150	17399	16.206	10.100	-2.150
NGC5139	g	13	26	47	-47	28.8	309.102	14.968	0.100	0.450	0.825	5199	13.620	10.100	-1.445
NGC5272	g	13	42	12	+28	22.6	42.216	78.707	0.065	0.270	0.440	10194	15.045	10.100	-1.345
NGC5286	g	13	46	27	-51	22.4	311.614	10.568	0.040	0.110	0.185	11711	15.420	10.100	-1.445
NGC5466	g	14	05	31	+28	32.0	42.148	73.578	0.030	0.110	0.205	16003	16.021	10.100	-1.745
NGC5634	g	14	29	37	-05	58.6	342.210	49.261	0.020	0.075	0.115	25214	17.025	10.100	-1.645
NGC5694	g	14	39	36	-26	32.3	331.056	30.360	0.018	0.055	0.095	34992	17.750	10.100	-1.980
NGC5824	g	15	03	59	-33	04.1	332.555	22.071	0.025	0.085	0.140	32114	17.575	10.100	-1.745
NGC5897	g	15	17	24	-21	00.6	342.946	30.294	0.035	0.165	0.285	12502	15.515	10.100	-1.745
NGC5904	g	15	18	33	+02	04.9	3.858	46.797	0.065	0.250	0.440	7501	14.385	10.100	-1.145
NGC5927	g	15	28	01	-50	40.4	326.604	4.860	0.045	0.110	0.200	7699	14.577	9.950	-0.490
NGC5946	g	15	35	29	-50	39.6	327.583	4.190	0.025	0.060	0.120	10596	15.300	10.100	-1.290
NGC5986	g	15	46	03	-37	47.2	337.022	13.269	0.030	0.090	0.165	10517	15.200	10.100	-1.345
NGC6093	g	16	17	02	-22	58.6	352.673	19.463	0.035	0.095	0.170	10011	15.060	10.100	-1.445
NGC6101	g	16	25	48	-72	12.1	317.746	-15.825	0.025	0.075	0.125	15405	15.955	10.100	-1.545
NGC6121	g	16	23	35	-26	31.6	350.973	15.972	0.065	0.470	0.885	2199	11.825	10.100	-0.845
NGC6139	g	16	27	40	-38	50.9	342.366	6.939	0.040	0.075	0.130	10110	15.265	10.100	-1.545
NGC6144	g	16	27	14	-26	01.4	351.928	15.701	0.020	0.090	0.155	8903	14.865	10.100	-1.245
NGC6171	g	16	32	32	-13	03.2	3.373	23.010	0.035	0.130	0.230	6397	14.137	10.100	-0.945
NGC6205	g	16	41	41	+36	27.6	59.008	40.913	0.075	0.275	0.470	7107	14.265	10.100	-1.445
NGC6218	g	16	47	14	-01	56.9	15.715	26.313	0.045	0.185	0.300	4797	13.465	10.100	-1.045
NGC6229	g	16	46	59	+47	31.7	73.639	40.306	0.030	0.080	0.165	30502	17.425	10.100	-1.145
NGC6235	g	16	53	25	-22	10.6	358.918	13.518	0.020	0.070	0.150	11495	15.403	10.100	-1.145
NGC6254	g	16	57	09	-04	06.0	15.137	23.076	0.060	0.155	0.265	4405	13.310	10.100	-1.245
NGC6256	g	16	59	33	-37	07.3	347.792	3.307	0.020	0.070	0.120	10296	15.415	10.100	-1.020
NGC6266	g	17	01	13	-30	06.8	353.574	7.318	0.050	0.130	0.210	6805	14.315	10.100	-1.045
NGC6273	g	17	02	38	-26	16.1	356.869	9.383	0.035	0.125	0.210	8794	14.845	10.100	-1.740
NGC6284	g	17	04	26	-24	45.9	358.342	9.946	0.030	0.110	0.210	15308	16.015	10.050	-1.260
NGC6287	g	17	05	09	-22	42.5	0.131	11.024	0.030	0.090	0.170	9400	15.060	10.100	-1.645
NGC6293	g	17	10	10	-26	34.9	357.620	7.834	0.035	0.075	0.155	9474	15.000	10.100	-1.990
NGC6304	g	17	14	32	-29	27.7	355.826	5.375	0.015	0.060	0.130	5904	14.030	10.050	-0.450
NGC6316	g	17	16	37	-28	08.4	357.175	5.765	0.040	0.080	0.120	10403	15.260	10.000	-0.450
NGC6325	g	17	17	59	-23	46.0	0.973	8.003	0.020	0.067	0.100	7806	14.755	10.100	-1.145
NGC6333	g	17	19	11	-18	31.0	5.544	10.707	0.030	0.115	0.195	7892	14.610	10.100	-1.645
NGC6341	g	17	17	07	+43	08.2	68.338	34.859	0.060	0.240	0.405	8292	14.600	10.100	-2.050
NGC6342	g	17	21	10	-19	35.2	4.899	9.725	0.025	0.110	0.205	8502	14.795	10.000	-0.550
NGC6352	g	17	25	29	-48	25.3	341.422	-7.167	0.035	0.120	0.220	5610	13.815	10.050	-0.545
NGC6355	g	17	23	59	-26	21.2	359.585	5.428	0.020	0.045	0.090	9201	15.067	10.100	-1.145
NGC6356	g	17	23	35	-17	48.8	6.723	10.220	0.030	0.090	0.170	13886	15.800	10.000	-0.400
NGC6362	g	17	31	55	-67	02.9	325.555	-17.569	0.030	0.140	0.230	7600	14.433	10.100	-0.990
NGC6366	g	17	27	44	-05	04.8	18.409	16.035	0.040	0.230	0.450	3503	12.950	10.000	-0.545
NGC6380	g	17	34	28	-39	04.0	350.183	-3.419	0.030	0.065	0.125	10897	15.565	10.050	-0.750
NGC6388	g	17	36	17	-44	44.2	345.556	-6.738	0.050	0.140	0.220	9889	15.095	10.050	-0.550
NGC6397	g	17	40	42	-53	40.4	338.165	-11.960	0.040	0.255	0.405	2301	11.870	10.050	-1.645
NGC6401	g	17	38	37	-23	54.6	3.450	3.980	0.018	0.075	0.140	10598	15.358	10.050	-1.020
NGC6402	g	17	37	36	-03	14.8	21.324	14.805	0.060	0.165	0.300	9298	15.035	10.100	-1.145
NGC6426	g	17	44	55	+03	10.2	28.087	16.234	0.030	0.095	0.180	20598	16.685	10.100	-2.050
NGC6440	g	17	48	53	-20	21.6	7.729	3.802	0.040	0.085	0.150	8492	14.990	10.050	-0.360
NGC6441	g	17	50	13	-37	03.1	353.533	-5.006	0.040	0.080	0.125	11610	15.475	10.050	-0.460
NGC6453	g	17	50	52	-34	35.9	355.718	-3.872	0.025	0.090	0.150	11611	15.530	10.100	-1.445
NGC6496	g	17	59	04	-44	16.0	348.027	-10.014	0.030	0.077	0.125	11307	15.315	10.050	-0.460
NGC6517	g	18	01	51	-08	57.5	19.225	6.763	0.035	0.080	0.160	10600	15.475	10.100	-1.230
NGC6522	g	18	03	34	-30	02.0	1.025	-3.926	0.020	0.065	0.100	7702	14.587	10.100	-1.145
NGC6528	g	18	04	50	-30	03.4	1.139	-4.175	0.020	0.060	0.100	7892	14.660	9.950	-0.110
NGC6535	g	18	03	50	-00	17.9	27.175	10.436	0.018	0.060	0.115	6806	14.275	10.100	-1.595
NGC6539	g	18	04	50	-07	35.2	20.795	6.775	0.040	0.100	0.190	7801	14.789	9.950	-0.630
NGC6540	g	18	06	09	-27	45.0	3.299	-3.306	0.020	0.068	0.125	5301	13.834	10.100	-1.350
NGC6541	g	18	08	02	-43	42.9	349.286	-11.188	0.055	0.125	0.230	7499	14.420	10.100	-1.545
NGC6544	g	18	07	21	-24	59.8	5.839	-2.204	0.020	0.100	0.180	3000	12.630	10.100	-1.245
NGC6553	g	18	09	18	-25	54.5	5.253	-3.030	0.015	0.090	0.155	6000	14.095	10.000	-0.180
NGC6558	g	18	10	18	-31	45.8	0.199	-6.023	0.020	0.090	0.130	7411	14.490	10.100	-1.145
NGC6569	g	18	13	39	-31	49.6	0.481	-6.680	0.030	0.075	0.140	10900	15.358	9.950	-0.760
NGC6584	g	18	18	37	-52	13.0	342.143	-16.414	0.035	0.085	0.155	13501	15.684	10.100	-1.500
NGC6624	g	18	23	41	-30	21.7	2.788	-7.914	0.025	0.055	0.100	7905	14.580	9.950	-0.440
NGC6626	g	18	24	33	-24	52.2	7.798	-5.580	0.030	0.085	0.155	5501	13.831	10.100	-1.045
NGC6637	g	18	31	23	-32	20.9	1.723	-10.270	0.035	0.095	0.180	8800	14.780	9.950	-0.640
NGC6638	g	18	30	56	-25	29.8	7.897	-7.153	0.025	0.070	0.115	9410	15.000	10.050	-0.745
NGC6642	g	18	31	54	-23	28.5	9.815	-6.439	0.025	0.065	0.115	8089	14.670	10.100	-0.945
NGC6652	g	18	35	46	-32	59.5	1.534	-11.377	0.020	0.085	0.160	9999	15.030	10.050	-0.840
NGC6656	g	18	36	24	-23	54.3	9.892	-7.552	0.040	0.210	0.355	3198	12.635	10.100	-1.545
NGC6681	g	18	43	13	-32	17.5	2.853	-12.510	0.020	0.110	0.180	9001	14.795	10.100	-1.445
NGC6712	g	18	53	04	-08	42.4	25.354	-4.318	0.030	0.095	0.170	6905	14.340	10.050	-1.020
NGC6715	g	18	55	03	-30	28.8	5.607	-14.087	0.040	0.085	0.145	26507	17.165	10.100	-1.490
NGC6717	g	18	55	06	-22	42.1	12.876	-10.899	0.020	0.065	0.115	7100	14.330	10.100	-1.045
NGC6723	g	18	59	33	-36	37.9	0.069	-17.298	0.040	0.155	0.260	8703	14.715	10.100	-1.045
NGC6749	g	19	05	15	+01	54.0	36.200	-2.205	0.035	0.085	0.165	7902	14.971	10.000	-1.600
NGC6752	g	19	10	52	-59	59.1	336.492	-25.628	0.050	0.220	0.420	4002	13.025	10.100	-1.250
NGC6760	g	19	11	12	+01	01.8	36.107	-3.925	0.040	0.090	0.190	7400	14.594	9.900	-0.400
NGC6779	g	19	16	35	+30	11.0	62.659	8.337	0.025	0.085	0.160	9403	14.950	10.100	-1.980
NGC6809	g	19	40	00	-30	57.9	8.792	-23.272	0.060	0.200	0.340	5428	13.700	10.100	-1.645
NGC6838	g	19	53	46	+18	46.7	56.745	-4.564	0.030	0.115	0.220	3999	13.090	10.050	-0.745
NGC6864	g	20	06	04	-21	55.3	20.303	-25.743	0.025	0.060	0.110	20897	16.652	10.050	-1.145
NGC6934	g	20	34	11	+07	24.2	52.103	-18.893	0.025	0.090	0.140	15606	16.000	10.100	-1.345
NGC6981	g	20	53	28	-12	32.2	35.162	-32.683	0.025	0.075	0.130	16997	16.168	10.100	-1.345
NGC7006	g	21	01	29	+16	11.2	63.769	-19.407	0.018	0.070	0.125	41177	18.090	10.100	-1.520
NGC7078	g	21	29	58	+12	10.0	65.012	-27.312	0.050	0.185	0.350	10392	15.117	10.100	-2.050
NGC7089	g	21	33	27	-00	49.4	53.371	-35.770	0.060	0.140	0.260	11507	15.325	10.100	-1.545
NGC7099	g	21	40	24	-23	10.8	27.182	-46.842	0.030	0.150	0.285	8109	14.555	10.100	-1.945
NGC7492	g	23	08	27	-15	36.7	53.385	-63.477	0.012	0.050	0.090	26303	17.100	10.100	-1.545
Palomar10	g	19	18	02	+18	34.0	52.432	2.722	0.017	0.080	0.140	5894	14.388	9.800	-0.100
Palomar11	g	19	45	14	-08	00.0	31.812	-15.573	0.020	0.090	0.150	13412	15.750	10.000	-0.400
Palomar12	g	21	46	39	-21	15.2	30.510	-47.682	0.013	0.045	0.090	18996	16.400	10.050	-0.850
Palomar15	g	16	59	51	-00	32.0	18.854	24.340	0.010	0.035	0.070	44999	18.400	10.100	-1.945
Palomar2	g	04	46	06	+31	22.9	170.530	-9.072	0.015	0.070	0.115	27198	17.572	10.050	-1.420
Palomar5	g	15	16	05	-00	06.7	0.851	45.860	0.012	0.080	0.140	23195	16.837	10.100	-1.245
Palomar6	g	17	43	42	-26	13.0	2.097	1.783	0.020	0.055	0.100	5802	14.287	10.050	-0.845
Palomar8	g	18	41	30	-19	49.8	14.101	-6.798	0.020	0.085	0.170	12801	15.640	9.900	-0.370
Pfleiderer2	g	17	58	39	-05	04.3	22.281	9.327	0.020	0.055	0.090	8677	15.000	9.850	-0.500
Pismis26	g	17	36	10	-38	33.0	350.799	-3.421	0.025	0.065	0.110	8201	14.968	10.050	-0.700
Ruprecht106	g	12	38	40	-51	09.0	300.888	11.671	0.010	0.045	0.075	21213	16.700	10.100	-1.680
Terzan1	g	17	35	48	-30	28.0	357.571	0.997	0.020	0.050	0.080	6699	14.770	10.100	-0.745
Terzan10	g	18	03	36	-26	04.0	4.492	-1.990	0.010	0.040	0.080	5797	14.590	9.950	-1.000
Terzan12	g	18	12	16	-22	44.0	8.366	-2.097	0.015	0.055	0.110	4801	14.070	10.100	-0.500
Terzan2	g	17	27	33	-30	48.1	356.320	2.298	0.015	0.055	0.095	7495	14.977	9.950	-0.690
Terzan3	g	16	28	40	-35	21.2	345.077	9.187	0.025	0.090	0.160	8205	14.805	9.950	-0.740
Terzan4	g	17	30	39	-31	35.8	356.023	1.308	0.012	0.100	0.175	7198	14.930	10.100	-1.045
Terzan5	g	17	48	05	-24	46.8	3.839	1.686	0.010	0.040	0.070	6900	14.928	9.800	-0.230
Terzan6	g	17	50	46	-31	16.5	358.572	-2.161	0.025	0.060	0.115	6812	14.920	9.850	-0.650
Terzan7	g	19	17	44	-34	39.5	3.386	-20.066	0.010	0.045	0.080	22795	16.812	9.900	-0.320
Terzan8	g	19	41	45	-33	59.9	5.760	-24.559	0.015	0.065	0.110	26316	17.140	10.100	-1.845
Terzan9	g	18	01	39	-26	50.0	3.609	-1.985	0.020	0.040	0.075	7108	14.825	10.050	-1.050
vdBergh-Hagen176	g	15	39	05	-50	03.1	328.410	4.341	0.020	0.060	0.100	18887	16.555	9.800	-0.100
vdBergh-Hagen229	g	17	31	05	-29	58.0	357.437	2.123	0.018	0.070	0.130	8197	14.930	10.100	-0.945
vdBergh-Hagen261	g	18	14	05	-28	38.0	3.361	-5.264	0.020	0.050	0.080	6555	14.200	10.050	-0.745

