#EEP	M/Mo	LogTeff	LogG	LogL/Lo	U	B	V	R	I	J	H	Ks	Kp	D51
12	0.116064	3.5068	5.2476	-2.7641	16.8955	15.3409	13.7278	12.6211	11.1710	9.7581	9.2159	8.9750	12.5753	14.3979
13	0.135999	3.5070	5.1778	-2.6246	16.4903	14.9733	13.3746	12.2708	10.8248	9.4101	8.8695	8.6270	12.2263	14.0335
14	0.162260	3.5090	5.1130	-2.4755	16.0208	14.5497	12.9709	11.8773	10.4474	9.0420	8.5020	8.2593	11.8391	13.6178
15	0.188896	3.5134	5.0714	-2.3500	15.5718	14.1462	12.5921	11.5180	10.1206	8.7395	8.1978	7.9575	11.4925	13.2280
16	0.208358	3.5165	5.0445	-2.2680	15.2779	13.8803	12.3426	11.2816	9.9065	8.5421	7.9986	7.7603	11.2647	12.9715
17	0.224055	3.5190	5.0242	-2.2064	15.0589	13.6809	12.1555	11.1042	9.7460	8.3940	7.8491	7.6122	11.0937	12.7793
18	0.238838	3.5213	5.0066	-2.1520	14.8654	13.5040	11.9897	10.9472	9.6041	8.2639	7.7173	7.4817	10.9424	12.6091
19	0.254832	3.5236	4.9892	-2.0971	14.6735	13.3267	11.8232	10.7895	9.4611	8.1325	7.5837	7.3498	10.7900	12.4388
20	0.275572	3.5265	4.9697	-2.0320	14.4478	13.1166	11.6256	10.6024	9.2914	7.9770	7.4250	7.1931	10.6091	12.2369
21	0.292849	3.5289	4.9544	-1.9810	14.2720	12.9519	11.4708	10.4556	9.1585	7.8552	7.3005	7.0701	10.4672	12.0790
22	0.302910	3.5302	4.9445	-1.9512	14.1711	12.8572	11.3815	10.3707	9.0813	7.7843	7.2279	6.9984	10.3850	11.9880
23	0.309631	3.5310	4.9378	-1.9316	14.1056	12.7954	11.3232	10.3152	9.0306	7.7375	7.1801	6.9510	10.3312	11.9287
24	0.314568	3.5316	4.9329	-1.9175	14.0584	12.7509	11.2811	10.2750	8.9940	7.7036	7.1453	6.9167	10.2923	11.8858
25	0.318393	3.5321	4.9288	-1.9061	14.0202	12.7149	11.2473	10.2429	8.9647	7.6765	7.1176	6.8893	10.2610	11.8513
26	0.321380	3.5324	4.9257	-1.8976	13.9926	12.6888	11.2225	10.2191	8.9428	7.6562	7.0968	6.8685	10.2379	11.8262
27	0.323933	3.5328	4.9235	-1.8906	13.9689	12.6664	11.2013	10.1990	8.9246	7.6394	7.0796	6.8516	10.2185	11.8047
28	0.326527	3.5331	4.9208	-1.8831	13.9443	12.6429	11.1793	10.1781	8.9055	7.6217	7.0614	6.8337	10.1981	11.7822
29	0.329626	3.5335	4.9188	-1.8755	13.9181	12.6181	11.1558	10.1558	8.8854	7.6036	7.0427	6.8153	10.1767	11.7584
30	0.333620	3.5339	4.9162	-1.8658	13.8851	12.5866	11.1261	10.1276	8.8601	7.5804	7.0189	6.7917	10.1494	11.7283
31	0.339285	3.5347	4.9133	-1.8529	13.8411	12.5446	11.0863	10.0900	8.8265	7.5501	6.9876	6.7608	10.1133	11.6881
32	0.348394	3.5358	4.9088	-1.8323	13.7706	12.4771	11.0225	10.0298	8.7728	7.5016	6.9376	6.7116	10.0553	11.6236
33	0.428473	3.5496	4.8398	-1.6179	13.0304	11.7590	10.3430	9.3902	8.2117	7.0038	6.4181	6.1990	9.4425	10.9411
34	0.452207	3.5549	4.8158	-1.5495	12.7958	11.5260	10.1204	9.1798	8.0312	6.8482	6.2547	6.0381	9.2421	10.7203
35	0.470545	3.5593	4.7967	-1.4956	12.6129	11.3404	9.9416	9.0112	7.8890	6.7264	6.1257	5.9114	9.0823	10.5444
36	0.485994	3.5634	4.7804	-1.4491	12.4539	11.1774	9.7838	8.8634	7.7681	6.6221	6.0148	5.8034	8.9433	10.3894
37	0.499746	3.5672	4.7663	-1.4072	12.3099	11.0281	9.6387	8.7277	7.6594	6.5291	5.9155	5.7070	8.8164	10.2476
38	0.511173	3.5707	4.7545	-1.3716	12.1868	10.8995	9.5133	8.6108	7.5671	6.4507	5.8317	5.6263	8.7073	10.1257
39	0.521605	3.5742	4.7439	-1.3386	12.0721	10.7787	9.3955	8.5006	7.4807	6.3782	5.7539	5.5519	8.6046	10.0115
40	0.532624	3.5779	4.7330	-1.3033	11.9505	10.6490	9.2686	8.3819	7.3888	6.3014	5.6711	5.4735	8.4943	9.8894
41	0.545823	3.5827	4.7202	-1.2611	11.8047	10.4919	9.1141	8.2377	7.2786	6.2101	5.5725	5.3807	8.3604	9.7416
42	0.560921	3.5884	4.7060	-1.2122	11.6329	10.3060	8.9306	8.0660	7.1509	6.1057	5.4595	5.2753	8.2020	9.5666
43	0.576767	3.5948	4.6916	-1.1599	11.4521	10.1059	8.7359	7.8847	7.0150	5.9940	5.3389	5.1644	8.0337	9.3829
44	0.592291	3.6015	4.6782	-1.1085	11.2780	9.9075	8.5484	7.7114	6.8811	5.8820	5.2193	5.0561	7.8703	9.2073
45	0.606999	3.6081	4.6662	-1.0594	11.1019	9.7116	8.3633	7.5406	6.7537	5.7773	5.1089	4.9565	7.7100	9.0318
46	0.621406	3.6150	4.6553	-1.0107	10.9203	9.5126	8.1766	7.3694	6.6279	5.6746	5.0030	4.8612	7.5490	8.8529
47	0.636017	3.6222	4.6450	-0.9613	10.7353	9.3094	7.9905	7.2000	6.5002	5.5690	4.8966	4.7655	7.3878	8.6731
48	0.650420	3.6297	4.6356	-0.9125	10.5310	9.0997	7.8036	7.0326	6.3736	5.4663	4.7975	4.6767	7.2267	8.4849
49	0.663980	3.6370	4.6274	-0.8662	10.3117	8.8929	7.6238	6.8739	6.2526	5.3706	4.7102	4.5988	7.0725	8.2938
50	0.676710	3.6439	4.6201	-0.8227	10.0826	8.6958	7.4548	6.7267	6.1379	5.2815	4.6338	4.5301	6.9275	8.1044
51	0.688689	3.6506	4.6135	-0.7818	9.8525	8.5089	7.2975	6.5915	6.0294	5.1980	4.5663	4.4690	6.7926	7.9208
52	0.694847	3.6540	4.6100	-0.7609	9.7298	8.4130	7.2179	6.5237	5.9735	5.1553	4.5328	4.4385	6.7242	7.8252
53	0.700958	3.6574	4.6067	-0.7401	9.6044	8.3176	7.1391	6.4572	5.9182	5.1130	4.4999	4.4089	6.6567	7.7285
54	0.707046	3.6608	4.6034	-0.7193	9.4771	8.2226	7.0610	6.3917	5.8633	5.0710	4.4675	4.3797	6.5900	7.6314
55	0.713117	3.6643	4.6001	-0.6986	9.3489	8.1282	6.9836	6.3271	5.8085	5.0292	4.4356	4.3509	6.5238	7.5343
56	0.719170	3.6676	4.5967	-0.6780	9.2223	8.0350	6.9074	6.2636	5.7540	4.9877	4.4044	4.3225	6.4584	7.4385
57	0.725200	3.6710	4.5931	-0.6575	9.0970	7.9433	6.8325	6.2012	5.7002	4.9465	4.3738	4.2943	6.3941	7.3442
58	0.731201	3.6743	4.5895	-0.6372	8.9735	7.8534	6.7591	6.1400	5.6469	4.9057	4.3436	4.2663	6.3308	7.2514
59	0.737155	3.6775	4.5857	-0.6171	8.8523	7.7660	6.6872	6.0800	5.5944	4.8653	4.3134	4.2384	6.2688	7.1604
60	0.743076	3.6807	4.5818	-0.5972	8.7333	7.6803	6.6167	6.0211	5.5428	4.8253	4.2836	4.2106	6.2078	7.0713
61	0.748948	3.6837	4.5778	-0.5773	8.6164	7.5965	6.5475	5.9632	5.4917	4.7857	4.2538	4.1828	6.1479	6.9839
62	0.754744	3.6867	4.5738	-0.5578	8.5011	7.5144	6.4797	5.9065	5.4417	4.7468	4.2244	4.1552	6.0891	6.8987
63	0.760465	3.6897	4.5696	-0.5385	8.3893	7.4346	6.4137	5.8510	5.3926	4.7084	4.1952	4.1276	6.0316	6.8161
64	0.766110	3.6926	4.5653	-0.5195	8.2814	7.3570	6.3493	5.7968	5.3444	4.6705	4.1664	4.1004	5.9754	6.7361
65	0.771675	3.6953	4.5610	-0.5008	8.1804	7.2822	6.2870	5.7441	5.2972	4.6331	4.1377	4.0731	5.9206	6.6591
66	0.777172	3.6980	4.5566	-0.4825	8.0831	7.2098	6.2265	5.6927	5.2510	4.5962	4.1094	4.0461	5.8673	6.5849
67	0.782586	3.7006	4.5521	-0.4646	7.9885	7.1397	6.1679	5.6427	5.2060	4.5602	4.0814	4.0194	5.8155	6.5135
68	0.787923	3.7031	4.5475	-0.4471	7.8944	7.0715	6.1110	5.5940	5.1622	4.5252	4.0539	3.9932	5.7651	6.4447
69	0.793183	3.7057	4.5429	-0.4299	7.8017	7.0054	6.0560	5.5466	5.1197	4.4911	4.0269	3.9675	5.7160	6.3788
70	0.798397	3.7080	4.5383	-0.4131	7.7110	6.9410	6.0023	5.5005	5.0780	4.4577	4.0002	3.9421	5.6682	6.3150
71	0.803567	3.7103	4.5337	-0.3965	7.6225	6.8783	5.9502	5.4553	5.0374	4.4249	3.9738	3.9169	5.6215	6.2534
72	0.808666	3.7125	4.5291	-0.3803	7.5370	6.8174	5.8996	5.4114	4.9976	4.3925	3.9476	3.8917	5.5760	6.1941
73	0.813689	3.7146	4.5243	-0.3643	7.4540	6.7581	5.8502	5.3684	4.9585	4.3606	3.9215	3.8668	5.5317	6.1368
74	0.818625	3.7167	4.5195	-0.3486	7.3734	6.7003	5.8021	5.3265	4.9204	4.3292	3.8957	3.8420	5.4882	6.0812
75	0.823468	3.7187	4.5147	-0.3331	7.2949	6.6439	5.7553	5.2853	4.8828	4.2982	3.8701	3.8175	5.4457	6.0273
76	0.828201	3.7206	4.5097	-0.3179	7.2189	6.5889	5.7094	5.2449	4.8459	4.2677	3.8448	3.7932	5.4040	5.9751
77	0.832829	3.7225	4.5047	-0.3029	7.1447	6.5353	5.6646	5.2054	4.8097	4.2375	3.8198	3.7691	5.3631	5.9243
78	0.837334	3.7243	4.4995	-0.2882	7.0726	6.4829	5.6210	5.1666	4.7740	4.2078	3.7951	3.7453	5.3230	5.8750
79	0.841734	3.7261	4.4943	-0.2735	7.0021	6.4318	5.5782	5.1285	4.7388	4.1785	3.7705	3.7214	5.2837	5.8270
80	0.846003	3.7278	4.4890	-0.2593	6.9334	6.3821	5.5366	5.0912	4.7043	4.1496	3.7464	3.6979	5.2453	5.7805
81	0.850183	3.7295	4.4836	-0.2451	6.8663	6.3338	5.4959	5.0545	4.6702	4.1211	3.7226	3.6743	5.2075	5.7352
82	0.854394	3.7311	4.4781	-0.2308	6.7990	6.2851	5.4548	5.0173	4.6357	4.0921	3.6983	3.6503	5.1694	5.6897
83	0.858518	3.7327	4.4724	-0.2167	6.7337	6.2375	5.4146	4.9809	4.6016	4.0634	3.6740	3.6261	5.1320	5.6453
84	0.862558	3.7342	4.4667	-0.2028	6.6704	6.1910	5.3752	4.9451	4.5683	4.0350	3.6498	3.6022	5.0952	5.6020
85	0.866523	3.7357	4.4609	-0.1892	6.6090	6.1454	5.3365	4.9099	4.5354	4.0069	3.6256	3.5784	5.0591	5.5597
86	0.870414	3.7371	4.4551	-0.1756	6.5498	6.1005	5.2986	4.8754	4.5032	3.9791	3.6014	3.5547	5.0236	5.5183
87	0.874229	3.7385	4.4492	-0.1623	6.4920	6.0566	5.2614	4.8415	4.4715	3.9517	3.5774	3.5312	4.9888	5.4780
88	0.877977	3.7399	4.4433	-0.1493	6.4361	6.0136	5.2249	4.8081	4.4403	3.9245	3.5535	3.5079	4.9546	5.4384
89	0.881659	3.7411	4.4373	-0.1364	6.3819	5.9718	5.1893	4.7755	4.4097	3.8978	3.5297	3.4848	4.9211	5.3999
90	0.885272	3.7424	4.4313	-0.1237	6.3294	5.9308	5.1543	4.7435	4.3796	3.8713	3.5060	3.4617	4.8882	5.3623
91	0.888822	3.7435	4.4252	-0.1112	6.2783	5.8908	5.1201	4.7119	4.3500	3.8451	3.4826	3.4388	4.8558	5.3256
92	0.892312	3.7446	4.4191	-0.0990	6.2288	5.8518	5.0866	4.6810	4.3209	3.8192	3.4594	3.4161	4.8242	5.2896
93	0.895730	3.7457	4.4130	-0.0869	6.1807	5.8136	5.0536	4.6507	4.2922	3.7937	3.4364	3.3935	4.7930	5.2545
94	0.899078	3.7467	4.4068	-0.0751	6.1341	5.7765	5.0215	4.6208	4.2640	3.7685	3.4136	3.3712	4.7625	5.2203
95	0.902350	3.7477	4.4007	-0.0635	6.0888	5.7401	4.9900	4.5916	4.2363	3.7437	3.3911	3.3490	4.7326	5.1868
96	0.905550	3.7486	4.3945	-0.0520	6.0450	5.7047	4.9591	4.5629	4.2091	3.7192	3.3687	3.3270	4.7032	5.1541
97	0.908683	3.7495	4.3884	-0.0408	6.0023	5.6701	4.9289	4.5348	4.1823	3.6950	3.3467	3.3053	4.6745	5.1221
98	0.911747	3.7504	4.3822	-0.0297	5.9609	5.6363	4.8994	4.5071	4.1560	3.6712	3.3248	3.2839	4.6463	5.0909
99	0.914752	3.7512	4.3760	-0.0189	5.9209	5.6035	4.8705	4.4800	4.1301	3.6476	3.3032	3.2624	4.6186	5.0605
100	0.917696	3.7519	4.3699	-0.0083	5.8816	5.5713	4.8422	4.4533	4.1047	3.6245	3.2817	3.2414	4.5914	5.0306
101	0.920587	3.7526	4.3636	0.0023	5.8435	5.5400	4.8143	4.4272	4.0796	3.6015	3.2605	3.2203	4.5648	5.0015
102	0.923433	3.7533	4.3574	0.0126	5.8066	5.5094	4.7872	4.4015	4.0550	3.5788	3.2394	3.1995	4.5386	4.9730
103	0.926241	3.7540	4.3512	0.0227	5.7707	5.4795	4.7605	4.3762	4.0307	3.5564	3.2184	3.1788	4.5129	4.9450
104	0.929013	3.7546	4.3450	0.0327	5.7357	5.4503	4.7342	4.3513	4.0067	3.5342	3.1976	3.1581	4.4876	4.9176
105	0.931762	3.7552	4.3387	0.0425	5.7017	5.4216	4.7085	4.3269	3.9831	3.5122	3.1769	3.1376	4.4626	4.8907
106	0.934487	3.7558	4.3324	0.0522	5.6689	5.3937	4.6832	4.3026	3.9597	3.4903	3.1562	3.1171	4.4381	4.8644
107	0.937187	3.7563	4.3261	0.0619	5.6367	5.3662	4.6582	4.2788	3.9365	3.4687	3.1357	3.0969	4.4140	4.8386
108	0.939845	3.7567	4.3197	0.0713	5.6056	5.3395	4.6338	4.2553	3.9137	3.4471	3.1152	3.0765	4.3901	4.8132
109	0.942439	3.7571	4.3133	0.0806	5.5751	5.3131	4.6096	4.2321	3.8912	3.4258	3.0948	3.0563	4.3666	4.7882
110	0.944918	3.7575	4.3071	0.0898	5.5451	5.2872	4.5858	4.2093	3.8690	3.4049	3.0748	3.0364	4.3435	4.7636
111	0.947313	3.7579	4.3007	0.0988	5.5157	5.2618	4.5625	4.1868	3.8471	3.3841	3.0550	3.0167	4.3207	4.7394
112	0.948722	3.7582	4.2969	0.1042	5.4984	5.2466	4.5485	4.1734	3.8340	3.3717	3.0432	3.0050	4.3071	4.7251
113	0.950130	3.7584	4.2930	0.1096	5.4809	5.2314	4.5345	4.1599	3.8208	3.3592	3.0312	2.9929	4.2934	4.7106
114	0.951535	3.7587	4.2891	0.1152	5.4634	5.2161	4.5203	4.1462	3.8074	3.3464	3.0189	2.9808	4.2796	4.6960
115	0.952938	3.7589	4.2851	0.1207	5.4460	5.2007	4.5061	4.1323	3.7940	3.3337	3.0066	2.9685	4.2657	4.6813
116	0.954341	3.7591	4.2810	0.1264	5.4287	5.1853	4.4917	4.1184	3.7803	3.3205	2.9940	2.9560	4.2516	4.6665
117	0.955739	3.7593	4.2768	0.1320	5.4113	5.1698	4.4773	4.1045	3.7667	3.3075	2.9813	2.9433	4.2374	4.6517
118	0.957137	3.7595	4.2724	0.1376	5.3940	5.1543	4.4628	4.0904	3.7528	3.2941	2.9685	2.9306	4.2232	4.6368
119	0.958532	3.7596	4.2681	0.1434	5.3767	5.1387	4.4482	4.0761	3.7390	3.2807	2.9555	2.9176	4.2089	4.6218
120	0.959924	3.7598	4.2637	0.1491	5.3594	5.1230	4.4335	4.0619	3.7249	3.2672	2.9424	2.9046	4.1945	4.6068
121	0.961314	3.7600	4.2593	0.1549	5.3423	5.1075	4.4188	4.0475	3.7108	3.2536	2.9290	2.8913	4.1800	4.5917
122	0.962706	3.7602	4.2547	0.1606	5.3253	5.0919	4.4040	4.0331	3.6967	3.2398	2.9157	2.8779	4.1655	4.5767
123	0.964060	3.7604	4.2501	0.1666	5.3078	5.0758	4.3889	4.0185	3.6822	3.2259	2.9021	2.8645	4.1507	4.5612
124	0.965418	3.7606	4.2455	0.1725	5.2901	5.0598	4.3738	4.0038	3.6679	3.2119	2.8886	2.8510	4.1359	4.5458
125	0.966780	3.7606	4.2409	0.1784	5.2726	5.0438	4.3588	3.9891	3.6534	3.1979	2.8749	2.8374	4.1211	4.5304
126	0.968145	3.7608	4.2361	0.1843	5.2553	5.0279	4.3436	3.9743	3.6389	3.1839	2.8611	2.8237	4.1062	4.5149
127	0.969514	3.7610	4.2314	0.1903	5.2380	5.0119	4.3285	3.9595	3.6243	3.1696	2.8472	2.8098	4.0912	4.4995
128	0.970883	3.7611	4.2265	0.1964	5.2209	4.9960	4.3133	3.9446	3.6095	3.1552	2.8332	2.7958	4.0762	4.4840
129	0.972254	3.7612	4.2215	0.2023	5.2040	4.9801	4.2980	3.9297	3.5948	3.1407	2.8190	2.7815	4.0612	4.4685
130	0.973627	3.7613	4.2165	0.2083	5.1872	4.9643	4.2829	3.9147	3.5799	3.1261	2.8045	2.7671	4.0461	4.4530
131	0.974997	3.7614	4.2113	0.2144	5.1708	4.9487	4.2676	3.8996	3.5650	3.1113	2.7899	2.7525	4.0309	4.4377
132	0.976364	3.7614	4.2060	0.2205	5.1545	4.9330	4.2523	3.8845	3.5499	3.0963	2.7751	2.7377	4.0158	4.4222
133	0.977729	3.7614	4.2007	0.2266	5.1385	4.9175	4.2370	3.8693	3.5347	3.0813	2.7601	2.7227	4.0006	4.4067
134	0.979090	3.7615	4.1952	0.2327	5.1227	4.9020	4.2217	3.8541	3.5195	3.0661	2.7450	2.7076	3.9853	4.3914
135	0.980445	3.7615	4.1897	0.2388	5.1067	4.8863	4.2064	3.8388	3.5043	3.0508	2.7298	2.6924	3.9701	4.3759
136	0.981798	3.7615	4.1840	0.2450	5.0915	4.8710	4.1911	3.8235	3.4889	3.0353	2.7142	2.6767	3.9547	4.3605
137	0.983146	3.7613	4.1783	0.2512	5.0762	4.8557	4.1757	3.8081	3.4734	3.0197	2.6985	2.6610	3.9393	4.3452
138	0.984488	3.7613	4.1723	0.2574	5.0615	4.8406	4.1604	3.7927	3.4578	3.0038	2.6825	2.6450	3.9239	4.3298
139	0.985825	3.7612	4.1663	0.2636	5.0468	4.8255	4.1450	3.7771	3.4423	2.9879	2.6664	2.6288	3.9084	4.3145
140	0.987157	3.7611	4.1601	0.2698	5.0326	4.8106	4.1297	3.7616	3.4265	2.9717	2.6500	2.6124	3.8929	4.2992
141	0.988483	3.7610	4.1540	0.2761	5.0182	4.7956	4.1143	3.7461	3.4106	2.9556	2.6335	2.5958	3.8774	4.2839
142	0.989805	3.7608	4.1476	0.2824	5.0046	4.7810	4.0990	3.7304	3.3947	2.9391	2.6167	2.5789	3.8620	4.2687
143	0.991120	3.7606	4.1410	0.2887	4.9912	4.7663	4.0835	3.7148	3.3787	2.9225	2.5997	2.5618	3.8463	4.2535
144	0.992433	3.7604	4.1344	0.2950	4.9780	4.7517	4.0682	3.6990	3.3626	2.9057	2.5825	2.5444	3.8307	4.2384
145	0.993743	3.7600	4.1275	0.3014	4.9654	4.7374	4.0528	3.6832	3.3464	2.8887	2.5648	2.5268	3.8150	4.2233
146	0.995053	3.7598	4.1205	0.3077	4.9532	4.7232	4.0375	3.6673	3.3300	2.8714	2.5470	2.5088	3.7992	4.2082
147	0.996361	3.7594	4.1132	0.3141	4.9420	4.7096	4.0223	3.6513	3.3135	2.8539	2.5286	2.4901	3.7836	4.1934
148	0.997667	3.7590	4.1057	0.3205	4.9314	4.6961	4.0070	3.6353	3.2968	2.8360	2.5099	2.4713	3.7678	4.1787
149	0.998975	3.7585	4.0980	0.3269	4.9217	4.6829	3.9919	3.6193	3.2801	2.8178	2.4907	2.4519	3.7521	4.1642
150	1.000287	3.7580	4.0899	0.3333	4.9130	4.6699	3.9768	3.6033	3.2632	2.7994	2.4711	2.4321	3.7363	4.1497
151	1.001602	3.7574	4.0816	0.3398	4.9057	4.6575	3.9618	3.5873	3.2463	2.7806	2.4510	2.4118	3.7206	4.1355
152	1.002929	3.7567	4.0729	0.3462	4.8991	4.6454	3.9469	3.5711	3.2292	2.7614	2.4304	2.3911	3.7049	4.1214
153	1.004265	3.7558	4.0638	0.3527	4.8947	4.6340	3.9322	3.5551	3.2119	2.7417	2.4090	2.3694	3.6893	4.1078
154	1.005615	3.7549	4.0542	0.3592	4.8923	4.6235	3.9178	3.5390	3.1945	2.7214	2.3867	2.3468	3.6737	4.0946
155	1.006994	3.7538	4.0440	0.3656	4.8924	4.6141	3.9038	3.5231	3.1769	2.7006	2.3635	2.3234	3.6584	4.0820
156	1.008405	3.7526	4.0331	0.3719	4.8957	4.6059	3.8903	3.5074	3.1594	2.6789	2.3390	2.2986	3.6432	4.0703
157	1.009865	3.7510	4.0211	0.3783	4.9041	4.6002	3.8778	3.4920	3.1416	2.6564	2.3130	2.2721	3.6288	4.0599
158	1.011394	3.7490	4.0077	0.3843	4.9184	4.5984	3.8671	3.4773	3.1239	2.6327	2.2846	2.2431	3.6153	4.0521
159	1.013008	3.7464	3.9924	0.3898	4.9435	4.6029	3.8596	3.4644	3.1066	2.6077	2.2535	2.2110	3.6040	4.0485
160	1.014654	3.7429	3.9751	0.3940	4.9848	4.6174	3.8578	3.4553	3.0918	2.5824	2.2199	2.1761	3.5970	4.0522
161	1.016154	3.7388	3.9573	0.3962	5.0437	4.6423	3.8633	3.4520	3.0818	2.5598	2.1872	2.1417	3.5962	4.0646
162	1.017305	3.7350	3.9425	0.3958	5.1077	4.6728	3.8752	3.4553	3.0786	2.5446	2.1623	2.1152	3.6019	4.0834
163	1.018444	3.7303	3.9255	0.3948	5.1883	4.7121	3.8918	3.4614	3.0767	2.5281	2.1342	2.0850	3.6108	4.1086
164	1.019571	3.7248	3.9059	0.3931	5.2863	4.7600	3.9136	3.4706	3.0766	2.5106	2.1028	2.0510	3.6233	4.1411
165	1.020699	3.7188	3.8827	0.3926	5.3962	4.8117	3.9362	3.4790	3.0745	2.4883	2.0646	2.0099	3.6353	4.1768
166	1.021831	3.7126	3.8550	0.3958	5.5030	4.8570	3.9519	3.4794	3.0639	2.4566	2.0159	1.9582	3.6394	4.2069
167	1.022899	3.7071	3.8242	0.4054	5.5829	4.8807	3.9503	3.4644	3.0388	2.4128	1.9571	1.8965	3.6274	4.2191
168	1.023832	3.7030	3.7934	0.4204	5.6226	4.8789	3.9302	3.4343	3.0011	2.3608	1.8938	1.8311	3.5994	4.2095
169	1.024644	3.7002	3.7646	0.4379	5.6301	4.8602	3.8992	3.3962	2.9576	2.3070	1.8315	1.7677	3.5626	4.1859
170	1.025377	3.6980	3.7377	0.4565	5.6195	4.8321	3.8623	3.3540	2.9113	2.2533	1.7713	1.7069	3.5215	4.1542
171	1.026060	3.6965	3.7122	0.4758	5.5983	4.7982	3.8215	3.3093	2.8635	2.1998	1.7128	1.6478	3.4776	4.1173
172	1.026706	3.6952	3.6877	0.4955	5.5707	4.7604	3.7784	3.2630	2.8147	2.1464	1.6554	1.5900	3.4319	4.0770
173	1.027328	3.6941	3.6639	0.5155	5.5381	4.7198	3.7334	3.2156	2.7652	2.0931	1.5991	1.5332	3.3849	4.0342
174	1.027931	3.6932	3.6407	0.5356	5.5022	4.6773	3.6871	3.1675	2.7153	2.0401	1.5435	1.4773	3.3371	3.9895
175	1.028520	3.6925	3.6178	0.5558	5.4641	4.6333	3.6400	3.1189	2.6652	1.9873	1.4886	1.4221	3.2887	3.9436
176	1.029099	3.6919	3.5954	0.5759	5.4243	4.5884	3.5922	3.0697	2.6149	1.9347	1.4342	1.3674	3.2399	3.8966
177	1.029671	3.6914	3.5734	0.5961	5.3830	4.5426	3.5441	3.0206	2.5646	1.8824	1.3805	1.3134	3.1908	3.8490
178	1.030237	3.6909	3.5514	0.6164	5.3407	4.4964	3.4958	2.9713	2.5143	1.8302	1.3270	1.2596	3.1417	3.8010
179	1.030797	3.6905	3.5297	0.6366	5.2978	4.4498	3.4473	2.9220	2.4640	1.7783	1.2738	1.2062	3.0924	3.7528
180	1.031354	3.6901	3.5081	0.6567	5.2545	4.4031	3.3987	2.8726	2.4139	1.7264	1.2210	1.1531	3.0432	3.7043
181	1.031900	3.6897	3.4865	0.6769	5.2109	4.3563	3.3500	2.8232	2.3637	1.6746	1.1681	1.0999	2.9940	3.6558
182	1.032252	3.6894	3.4723	0.6901	5.1823	4.3256	3.3180	2.7908	2.3307	1.6406	1.1334	1.0650	2.9616	3.6240
183	1.032604	3.6891	3.4581	0.7035	5.1534	4.2946	3.2857	2.7580	2.2974	1.6063	1.0985	1.0299	2.9290	3.5918
184	1.032957	3.6889	3.4437	0.7170	5.1241	4.2631	3.2531	2.7249	2.2636	1.5716	1.0632	0.9944	2.8958	3.5592
185	1.033309	3.6886	3.4291	0.7308	5.0947	4.2315	3.2201	2.6915	2.2297	1.5366	1.0273	0.9584	2.8625	3.5263
186	1.033661	3.6883	3.4139	0.7448	5.0648	4.1990	3.1862	2.6570	2.1945	1.5003	0.9903	0.9211	2.8281	3.4926
187	1.034009	3.6880	3.3980	0.7597	5.0327	4.1645	3.1504	2.6206	2.1575	1.4621	0.9515	0.8820	2.7918	3.4568
188	1.034354	3.6876	3.3813	0.7753	4.9997	4.1287	3.1129	2.5826	2.1188	1.4221	0.9106	0.8408	2.7539	3.4196
189	1.034694	3.6873	3.3637	0.7917	4.9644	4.0905	3.0732	2.5422	2.0777	1.3798	0.8675	0.7974	2.7136	3.3800
190	1.035027	3.6870	3.3444	0.8095	4.9273	4.0499	3.0306	2.4988	2.0336	1.3340	0.8207	0.7504	2.6703	3.3376
191	1.035357	3.6865	3.3246	0.8278	4.8898	4.0084	2.9870	2.4543	1.9881	1.2870	0.7726	0.7018	2.6260	3.2944
192	1.035680	3.6860	3.3034	0.8471	4.8504	3.9646	2.9408	2.4072	1.9399	1.2370	0.7214	0.6502	2.5790	3.2486
193	1.035995	3.6855	3.2809	0.8677	4.8096	3.9185	2.8921	2.3574	1.8891	1.1839	0.6669	0.5953	2.5294	3.2006
194	1.036305	3.6849	3.2577	0.8889	4.7672	3.8708	2.8417	2.3058	1.8363	1.1291	0.6107	0.5386	2.4780	3.1507
195	1.036606	3.6844	3.2332	0.9110	4.7235	3.8213	2.7891	2.2520	1.7812	1.0716	0.5516	0.4790	2.4243	3.0988
196	1.036902	3.6837	3.2078	0.9339	4.6789	3.7703	2.7349	2.1964	1.7243	1.0121	0.4904	0.4173	2.3690	3.0455
197	1.037191	3.6830	3.1815	0.9575	4.6339	3.7183	2.6794	2.1394	1.6657	0.9508	0.4272	0.3536	2.3122	2.9910
198	1.037470	3.6822	3.1542	0.9820	4.5886	3.6650	2.6222	2.0804	1.6051	0.8873	0.3615	0.2871	2.2536	2.9350
199	1.037743	3.6814	3.1258	1.0071	4.5425	3.6105	2.5636	2.0198	1.5427	0.8218	0.2937	0.2187	2.1934	2.8777
200	1.038009	3.6806	3.0968	1.0328	4.4962	3.5550	2.5038	1.9580	1.4790	0.7545	0.2241	0.1485	2.1318	2.8193
201	1.038268	3.6796	3.0668	1.0593	4.4495	3.4984	2.4425	1.8945	1.4136	0.6856	0.1526	0.0763	2.0687	2.7597
202	1.038516	3.6786	3.0359	1.0863	4.4027	3.4409	2.3800	1.8297	1.3467	0.6147	0.0790	0.0019	2.0041	2.6990
203	1.038757	3.6776	3.0042	1.1140	4.3554	3.3823	2.3161	1.7634	1.2781	0.5422	0.0036	-0.0743	1.9382	2.6372
204	1.038991	3.6765	2.9717	1.1422	4.3094	3.3237	2.2518	1.6961	1.2085	0.4682	-0.0736	-0.1524	1.8715	2.5752
205	1.039215	3.6753	2.9381	1.1710	4.2634	3.2644	2.1863	1.6276	1.1374	0.3923	-0.1528	-0.2325	1.8035	2.5122
206	1.039430	3.6741	2.9039	1.2004	4.2174	3.2043	2.1198	1.5579	1.0649	0.3150	-0.2336	-0.3143	1.7343	2.4486
207	1.039637	3.6727	2.8690	1.2301	4.1717	3.1438	2.0527	1.4875	0.9916	0.2364	-0.3158	-0.3976	1.6642	2.3843
208	1.039835	3.6714	2.8334	1.2605	4.1263	3.0829	1.9847	1.4160	0.9170	0.1566	-0.3994	-0.4824	1.5932	2.3195
209	1.040025	3.6700	2.7972	1.2912	4.0813	3.0214	1.9160	1.3437	0.8415	0.0756	-0.4843	-0.5687	1.5214	2.2541
210	1.040207	3.6685	2.7603	1.3222	4.0370	2.9598	1.8469	1.2707	0.7652	-0.0065	-0.5704	-0.6561	1.4490	2.1885
211	1.040381	3.6671	2.7230	1.3536	3.9933	2.8980	1.7773	1.1971	0.6882	-0.0896	-0.6575	-0.7445	1.3759	2.1227
212	1.040549	3.6655	2.6853	1.3852	3.9505	2.8361	1.7074	1.1229	0.6105	-0.1734	-0.7455	-0.8340	1.3023	2.0568
213	1.040707	3.6639	2.6467	1.4175	3.9089	2.7741	1.6368	1.0479	0.5317	-0.2588	-0.8353	-0.9254	1.2280	1.9905
214	1.040859	3.6621	2.6057	1.4514	3.8671	2.7100	1.5632	0.9692	0.4488	-0.3489	-0.9304	-1.0223	1.1499	1.9220
215	1.041023	3.6601	2.5588	1.4904	3.8205	2.6371	1.4796	0.8798	0.3539	-0.4521	-1.0394	-1.1332	1.0609	1.8442
216	1.041265	3.6585	2.5206	1.5223	3.7811	2.5766	1.4107	0.8062	0.2763	-0.5364	-1.1282	-1.2237	0.9879	1.7799
217	1.041295	3.6586	2.5215	1.5217	3.7804	2.5770	1.4115	0.8073	0.2775	-0.5348	-1.1264	-1.2217	0.9889	1.7803
218	1.041324	3.6587	2.5239	1.5199	3.7812	2.5797	1.4149	0.8112	0.2819	-0.5298	-1.1209	-1.2161	0.9927	1.7831
219	1.041349	3.6590	2.5274	1.5171	3.7824	2.5837	1.4200	0.8169	0.2883	-0.5225	-1.1130	-1.2079	0.9985	1.7875
220	1.041372	3.6592	2.5318	1.5138	3.7847	2.5891	1.4266	0.8243	0.2963	-0.5135	-1.1033	-1.1980	1.0058	1.7933
221	1.041392	3.6594	2.5365	1.5101	3.7874	2.5950	1.4340	0.8324	0.3051	-0.5037	-1.0926	-1.1870	1.0138	1.7997
222	1.041410	3.6598	2.5414	1.5063	3.7908	2.6018	1.4420	0.8413	0.3146	-0.4930	-1.0813	-1.1754	1.0227	1.8069
223	1.041427	3.6600	2.5467	1.5021	3.7943	2.6087	1.4504	0.8505	0.3246	-0.4818	-1.0694	-1.1632	1.0317	1.8144
224	1.041442	3.6603	2.5521	1.4978	3.7979	2.6160	1.4591	0.8601	0.3350	-0.4703	-1.0570	-1.1506	1.0413	1.8222
225	1.041455	3.6605	2.5577	1.4933	3.8017	2.6235	1.4681	0.8700	0.3457	-0.4585	-1.0443	-1.1376	1.0511	1.8303
226	1.041468	3.6609	2.5634	1.4887	3.8056	2.6314	1.4775	0.8802	0.3567	-0.4462	-1.0312	-1.1242	1.0613	1.8387
227	1.041723	3.6620	2.5820	1.4751	3.8100	2.6506	1.5027	0.9091	0.3892	-0.4087	-0.9904	-1.0820	1.0900	1.8596
228	1.041988	3.6586	2.5033	1.5400	3.7355	2.5298	1.3631	0.7594	0.2311	-0.5812	-1.1729	-1.2678	0.9414	1.7303
229	1.042217	3.6551	2.4292	1.6003	3.6736	2.4216	1.2360	0.6217	0.0850	-0.7417	-1.3438	-1.4421	0.8051	1.6142
230	1.042419	3.6518	2.3598	1.6566	3.6197	2.3229	1.1190	0.4944	-0.0508	-0.8914	-1.5034	-1.6053	0.6789	1.5084
231	1.042599	3.6488	2.2984	1.7062	3.5769	2.2386	1.0179	0.3836	-0.1698	-1.0232	-1.6442	-1.7496	0.5690	1.4183
232	1.042760	3.6453	2.2276	1.7630	3.5293	2.1424	0.9024	0.2569	-0.3061	-1.1746	-1.8061	-1.9155	0.4431	1.3153
233	1.042901	3.6417	2.1567	1.8196	3.4851	2.0486	0.7886	0.1317	-0.4416	-1.3255	-1.9680	-2.0816	0.3188	1.2144
234	1.043026	3.6381	2.0866	1.8753	3.4453	1.9583	0.6785	0.0099	-0.5744	-1.4740	-2.1274	-2.2454	0.1976	1.1172
235	1.043134	3.6345	2.0189	1.9289	3.4097	1.8730	0.5736	-0.1062	-0.7019	-1.6169	-2.2809	-2.4035	0.0817	1.0255
236	1.043232	3.6308	1.9498	1.9830	3.3778	1.7892	0.4700	-0.2216	-0.8303	-1.7616	-2.4365	-2.5641	-0.0337	0.9356
237	1.043318	3.6271	1.8823	2.0356	3.3492	1.7098	0.3713	-0.3319	-0.9545	-1.9023	-2.5875	-2.7202	-0.1444	0.8501
238	1.043394	3.6235	1.8179	2.0856	3.3241	1.6364	0.2798	-0.4347	-1.0719	-2.0359	-2.7313	-2.8691	-0.2481	0.7710
239	1.043461	3.6198	1.7542	2.1349	3.3007	1.5659	0.1916	-0.5341	-1.1872	-2.1677	-2.8735	-3.0163	-0.3488	0.6950
240	1.043523	3.6163	1.6916	2.1832	3.2786	1.4990	0.1074	-0.6292	-1.2997	-2.2969	-3.0133	-3.1611	-0.4458	0.6223
241	1.043578	3.6127	1.6305	2.2302	3.2575	1.4355	0.0275	-0.7196	-1.4086	-2.4226	-3.1493	-3.3023	-0.5386	0.5529
242	1.043627	3.6092	1.5705	2.2762	3.2371	1.3751	-0.0484	-0.8058	-1.5153	-2.5462	-3.2831	-3.4410	-0.6279	0.4864
243	1.043671	3.6058	1.5116	2.3213	3.2186	1.3184	-0.1198	-0.8869	-1.6194	-2.6674	-3.4143	-3.5773	-0.7132	0.4237
244	1.043711	3.6023	1.4540	2.3649	3.2036	1.2674	-0.1851	-0.9617	-1.7196	-2.7854	-3.5421	-3.7103	-0.7930	0.3671
245	1.043747	3.5988	1.3972	2.4081	3.1876	1.2191	-0.2472	-1.0332	-1.8179	-2.9018	-3.6684	-3.8418	-0.8702	0.3128
246	1.043780	3.5955	1.3412	2.4503	3.1698	1.1735	-0.3064	-1.1014	-1.9136	-3.0155	-3.7921	-3.9707	-0.9445	0.2602
247	1.043809	3.5921	1.2872	2.4911	3.1498	1.1308	-0.3625	-1.1662	-2.0055	-3.1248	-3.9115	-4.0954	-1.0156	0.2098
248	1.043836	3.5887	1.2337	2.5312	3.1302	1.0915	-0.4139	-1.2262	-2.0953	-3.2326	-4.0291	-4.2181	-1.0829	0.1628
249	1.043862	3.5854	1.1813	2.5704	3.1111	1.0557	-0.4602	-1.2809	-2.1826	-3.3383	-4.1443	-4.3384	-1.1463	0.1193
250	1.043884	3.5823	1.1302	2.6085	3.0934	1.0233	-0.5008	-1.3293	-2.2672	-3.4415	-4.2564	-4.4557	-1.2052	0.0796
251	1.043905	3.5790	1.0796	2.6462	3.0753	0.9938	-0.5366	-1.3727	-2.3504	-3.5438	-4.3671	-4.5716	-1.2609	0.0423
252	1.043924	3.5758	1.0308	2.6824	3.0585	0.9693	-0.5660	-1.4100	-2.4294	-3.6421	-4.4736	-4.6832	-1.3117	0.0094
253	1.043942	3.5727	0.9823	2.7181	3.0425	0.9500	-0.5892	-1.4417	-2.5062	-3.7394	-4.5789	-4.7936	-1.3587	-0.0201
254	1.043958	3.5695	0.9347	2.7530	3.0271	0.9352	-0.6071	-1.4680	-2.5810	-3.8347	-4.6824	-4.9020	-1.4018	-0.0468
255	1.043972	3.5663	0.8882	2.7870	3.0139	0.9258	-0.6191	-1.4893	-2.6522	-3.9277	-4.7831	-5.0076	-1.4408	-0.0693
256	1.043987	3.5632	0.8428	2.8201	3.0022	0.9230	-0.6228	-1.5044	-2.7195	-4.0187	-4.8818	-5.1111	-1.4753	-0.0866
257	1.044000	3.5602	0.7983	2.8525	2.9935	0.9271	-0.6186	-1.5139	-2.7825	-4.1073	-4.9781	-5.2120	-1.5053	-0.0991
258	1.044011	3.5572	0.7545	2.8841	2.9877	0.9374	-0.6074	-1.5188	-2.8426	-4.1944	-5.0726	-5.3112	-1.5320	-0.1085
259	1.044022	3.5541	0.7116	2.9151	2.9809	0.9553	-0.5842	-1.5147	-2.8985	-4.2796	-5.1653	-5.4086	-1.5530	-0.1110
260	1.044033	3.5513	0.6699	2.9450	2.9715	0.9805	-0.5478	-1.5012	-2.9491	-4.3626	-5.2555	-5.5033	-1.5677	-0.1054
261	1.044043	3.5484	0.6289	2.9745	2.9568	1.0204	-0.4852	-1.4686	-2.9929	-4.4451	-5.3445	-5.5966	-1.5710	-0.0841
262	1.044052	3.5454	0.5885	3.0033	2.9294	1.0710	-0.3957	-1.4167	-3.0285	-4.5256	-5.4324	-5.6890	-1.5631	-0.0489
263	1.044060	3.5427	0.5492	3.0314	2.8981	1.1282	-0.2910	-1.3569	-3.0570	-4.6049	-5.5182	-5.7790	-1.5490	-0.0036
264	1.044068	3.5399	0.5107	3.0588	2.8661	1.1970	-0.1664	-1.2863	-3.0762	-4.6833	-5.6025	-5.8673	-1.5259	0.0565
265	1.044075	3.5371	0.4727	3.0858	2.8353	1.2844	-0.0108	-1.1987	-3.0822	-4.7627	-5.6860	-5.9546	-1.4891	0.1389
266	1.044083	3.5344	0.4356	3.1120	2.8119	1.3801	0.1603	-1.1129	-3.0737	-4.8417	-5.7677	-6.0401	-1.4461	0.2406
267	1.044090	3.5317	0.3991	3.1376	2.7929	1.4750	0.3270	-1.0341	-3.0598	-4.9185	-5.8477	-6.1239	-1.4037	0.3467
268	1.044096	3.5291	0.3638	3.1626	2.7771	1.5632	0.4786	-0.9668	-3.0450	-4.9919	-5.9249	-6.2050	-1.3661	0.4491
269	1.044101	3.5265	0.3290	3.1869	2.7659	1.6458	0.6138	-0.9103	-3.0292	-5.0622	-6.0001	-6.2843	-1.3325	0.5480
270	1.044107	3.5239	0.2948	3.2108	2.7587	1.7192	0.7264	-0.8673	-3.0149	-5.1295	-6.0730	-6.3614	-1.3057	0.6385
271	1.044112	3.5214	0.2615	3.2340	2.7597	1.7775	0.7950	-0.8460	-3.0081	-5.1919	-6.1428	-6.4354	-1.2915	0.7099
272	1.044117	3.5186	0.2277	3.2570	2.7680	1.8385	0.8553	-0.8273	-2.9963	-5.2524	-6.2121	-6.5093	-1.2753	0.7851
273	1.044122	3.5162	0.1955	3.2791	2.7756	1.8875	0.8960	-0.8182	-2.9890	-5.3102	-6.2785	-6.5797	-1.2659	0.8470
274	1.044127	3.5137	0.1640	3.3009	2.7834	1.9313	0.9261	-0.8132	-2.9828	-5.3669	-6.3434	-6.6486	-1.2591	0.9025
275	1.044132	3.5113	0.1331	3.3221	2.7918	1.9725	0.9501	-0.8092	-2.9758	-5.4221	-6.4068	-6.7157	-1.2522	0.9550
276	1.044136	3.5089	0.1029	3.3428	2.8002	2.0105	0.9744	-0.8007	-2.9680	-5.4768	-6.4696	-6.7815	-1.2435	1.0030
277	1.044139	3.5066	0.0737	3.3627	2.7881	2.0353	0.9877	-0.7965	-2.9629	-5.5300	-6.5291	-6.8444	-1.2383	1.0381
278	1.044143	3.5043	0.0456	3.3818	2.7791	2.0601	1.0003	-0.7905	-2.9570	-5.5813	-6.5861	-6.9041	-1.2323	1.0715
279	1.044171	3.5025	0.0225	3.3976	2.7723	2.0789	1.0083	-0.7864	-2.9533	-5.6241	-6.6332	-6.9531	-1.2284	1.0961
